,Months since Last Donation,Number of Donations,Months since First Donation,Made Donation in March 2007
0,2,50,98,1
1,0,13,28,1
2,1,16,35,1
3,2,20,45,1
4,1,24,77,0
5,4,4,4,0
6,2,7,14,1
7,1,12,35,0
8,2,9,22,1
9,5,46,98,1
10,4,23,58,0
11,0,3,4,0
12,2,10,28,1
13,1,13,47,0
14,2,6,15,1
15,2,5,11,1
16,2,14,48,1
17,2,15,49,1
18,2,6,15,1
19,2,3,4,1
20,2,3,4,1
21,4,11,28,0
22,2,6,16,1
23,2,6,16,1
24,9,9,16,0
25,4,14,40,0
26,4,6,14,0
27,4,12,34,1
28,4,5,11,1
29,4,8,21,0
30,1,14,58,0
31,4,10,28,1
32,4,10,28,1
33,4,9,26,1
34,2,16,64,0
35,2,8,28,1
36,2,12,47,1
37,4,6,16,1
38,2,14,57,1
39,4,7,22,1
40,2,13,53,1
41,2,5,16,0
42,2,5,16,1
43,2,5,16,0
44,4,20,69,1
45,4,9,28,1
46,2,9,36,0
47,2,2,2,0
48,2,2,2,0
49,2,2,2,0
50,2,11,46,0
51,2,11,46,1
52,2,6,22,0
53,2,12,52,0
54,4,5,14,1
55,4,19,69,1
56,4,8,26,1
57,2,7,28,1
58,2,16,81,0
59,3,6,21,0
60,2,7,29,0
61,2,8,35,1
62,2,10,49,0
63,4,5,16,1
64,2,3,9,1
65,3,16,74,0
66,2,4,14,1
67,0,2,4,0
68,4,7,25,0
69,1,9,51,0
70,2,4,16,0
71,2,4,16,0
72,4,17,71,1
73,2,2,4,0
74,2,2,4,1
75,2,2,4,1
76,2,4,16,1
77,2,2,4,0
78,2,2,4,0
79,2,2,4,0
80,4,6,23,1
81,2,4,16,0
82,2,4,16,0
83,2,4,16,0
84,2,6,28,1
85,2,6,28,0
86,4,2,4,0
87,4,2,4,0
88,4,2,4,0
89,2,7,35,1
90,4,2,4,1
91,4,2,4,0
92,4,2,4,0
93,4,2,4,0
94,12,11,23,0
95,4,7,28,0
96,3,17,86,0
97,4,9,38,1
98,4,4,14,1
99,5,7,26,1
100,4,8,34,1
101,2,13,76,1
102,4,9,40,0
103,2,5,26,0
104,2,5,26,0
105,6,17,70,0
106,0,8,59,0
107,3,5,26,0
108,2,3,14,0
109,2,10,64,0
110,4,5,23,1
111,4,9,46,0
112,4,5,23,0
113,4,8,40,1
114,2,12,82,0
115,11,24,64,0
116,2,7,46,1
117,4,11,61,0
118,1,7,57,0
119,2,11,79,1
120,2,3,16,1
121,4,5,26,1
122,2,6,41,1
123,2,5,33,1
124,2,4,26,0
125,2,5,34,0
126,4,8,46,1
127,2,4,26,0
128,4,8,48,1
129,2,2,10,1
130,4,5,28,0
131,2,12,95,0
132,2,2,10,0
133,4,6,35,0
134,2,11,88,0
135,2,3,19,0
136,2,5,37,0
137,2,12,98,0
138,9,5,19,0
139,2,2,11,0
140,2,9,74,0
141,5,14,86,0
142,4,3,16,0
143,4,3,16,0
144,4,2,9,1
145,4,3,16,1
146,6,3,14,0
147,2,2,11,0
148,2,2,11,1
149,2,2,11,0
150,2,7,58,1
151,4,6,39,0
152,4,11,78,0
153,2,1,2,1
154,2,1,2,0
155,2,1,2,0
156,2,1,2,0
157,2,1,2,0
158,2,1,2,0
159,2,1,2,0
160,2,1,2,0
161,2,1,2,0
162,2,1,2,0
163,2,1,2,1
164,2,1,2,1
165,2,1,2,1
166,2,1,2,0
167,2,1,2,0
168,2,1,2,0
169,2,1,2,0
170,2,1,2,0
171,2,1,2,0
172,2,1,2,0
173,2,1,2,0
174,2,1,2,0
175,11,10,35,0
176,11,4,16,1
177,4,5,33,1
178,4,6,41,1
179,2,3,22,0
180,4,4,26,1
181,10,4,16,0
182,2,4,35,0
183,4,12,88,0
184,13,8,26,0
185,11,9,33,0
186,4,5,34,0
187,4,4,26,0
188,8,15,77,0
189,4,5,35,1
190,4,7,52,0
191,4,7,52,0
192,2,4,35,0
193,11,11,42,0
194,2,2,14,0
195,2,5,47,1
196,9,8,38,1
197,4,6,47,0
198,11,7,29,0
199,9,9,45,0
200,4,6,52,0
201,4,7,58,0
202,6,2,11,1
203,4,7,58,0
204,11,9,38,0
205,11,6,26,0
206,2,2,16,0
207,2,7,76,0
208,11,6,27,0
209,11,3,14,0
210,4,1,4,0
211,4,1,4,0
212,4,1,4,0
213,4,1,4,0
214,4,1,4,0
215,4,1,4,1
216,4,1,4,0
217,4,1,4,0
218,4,1,4,0
219,4,1,4,0
220,4,1,4,0
221,4,1,4,1
222,4,1,4,1
223,4,1,4,0
224,4,1,4,1
225,4,1,4,1
226,4,1,4,0
227,4,3,24,0
228,4,1,4,0
229,4,1,4,0
230,4,1,4,0
231,4,1,4,1
232,4,1,4,0
233,10,8,39,0
234,14,7,26,0
235,8,10,63,0
236,11,3,15,0
237,4,2,14,0
238,2,4,43,0
239,8,9,58,0
240,8,8,52,1
241,11,22,98,0
242,4,3,25,1
243,11,17,79,1
244,9,2,11,0
245,4,5,46,0
246,11,12,58,0
247,7,12,86,0
248,11,2,11,0
249,11,2,11,0
250,11,2,11,0
251,2,6,75,0
252,11,8,41,1
253,11,3,16,1
254,12,13,59,0
255,2,3,35,0
256,16,8,28,0
257,11,7,37,0
258,4,3,28,0
259,12,12,58,0
260,4,4,41,0
261,11,14,73,1
262,2,2,23,0
263,2,3,38,1
264,4,5,58,0
265,4,4,43,1
266,3,2,23,0
267,11,8,46,0
268,4,7,82,0
269,13,4,21,0
270,16,11,40,0
271,16,7,28,0
272,7,2,16,0
273,4,5,58,0
274,4,5,58,0
275,4,4,46,0
276,14,13,57,0
277,4,3,34,0
278,14,18,78,0
279,11,8,48,0
280,14,16,70,0
281,14,4,22,1
282,14,5,26,0
283,8,2,16,0
284,11,5,33,0
285,11,2,14,0
286,4,2,23,0
287,9,2,16,1
288,14,5,28,1
289,14,3,19,1
290,14,4,23,1
291,16,12,50,0
292,11,4,28,0
293,11,5,35,0
294,11,5,35,0
295,2,4,70,0
296,14,5,28,0
297,14,2,14,0
298,14,2,14,0
299,14,2,14,0
300,14,2,14,0
301,14,2,14,0
302,14,2,14,0
303,2,3,52,0
304,14,6,34,0
305,11,5,37,1
306,4,5,74,0
307,11,3,23,0
308,16,4,23,0
309,16,3,19,0
310,11,5,38,0
311,11,2,16,0
312,12,9,60,0
313,9,1,9,0
314,9,1,9,0
315,4,2,29,0
316,11,2,17,0
317,14,4,26,0
318,11,9,72,1
319,11,5,41,0
320,15,16,82,0
321,9,5,51,1
322,11,4,34,0
323,14,8,50,1
324,16,7,38,0
325,14,2,16,0
326,2,2,41,0
327,14,16,98,0
328,14,4,28,1
329,16,7,39,0
330,14,7,47,0
331,16,6,35,0
332,16,6,35,1
333,11,7,62,1
334,16,2,16,0
335,16,3,21,1
336,11,3,28,0
337,11,7,64,0
338,11,1,11,1
339,9,3,34,0
340,14,4,30,0
341,23,38,98,0
342,11,6,58,0
343,11,1,11,0
344,11,1,11,0
345,11,1,11,0
346,11,1,11,0
347,11,1,11,0
348,11,1,11,0
349,11,1,11,0
350,11,1,11,0
351,11,2,21,0
352,11,5,50,0
353,11,2,21,0
354,16,4,28,0
355,4,2,41,0
356,16,6,40,0
357,14,3,26,0
358,9,2,26,0
359,21,16,64,0
360,14,6,51,0
361,11,2,24,0
362,4,3,71,0
363,21,13,57,0
364,11,6,71,0
365,14,2,21,1
366,23,15,57,0
367,14,4,38,0
368,11,2,26,0
369,16,5,40,1
370,4,2,51,1
371,14,3,31,0
372,4,2,52,0
373,9,4,65,0
374,14,4,40,0
375,11,3,40,1
376,14,5,50,0
377,14,1,14,0
378,14,1,14,0
379,14,1,14,0
380,14,1,14,0
381,14,1,14,0
382,14,1,14,0
383,14,1,14,0
384,14,1,14,0
385,14,7,72,0
386,14,1,14,0
387,14,1,14,0
388,9,3,52,0
389,14,7,73,0
390,11,4,58,0
391,11,4,59,0
392,4,2,59,0
393,11,4,61,0
394,16,4,40,0
395,16,10,89,0
396,21,2,21,1
397,21,3,26,0
398,16,8,76,0
399,21,3,26,1
400,18,2,23,0
401,23,5,33,0
402,23,8,46,0
403,16,3,34,0
404,14,5,64,0
405,14,3,41,0
406,16,1,16,0
407,16,1,16,0
408,16,1,16,0
409,16,1,16,0
410,16,1,16,0
411,16,1,16,0
412,16,1,16,0
413,16,4,45,0
414,16,1,16,0
415,16,1,16,0
416,16,1,16,0
417,16,1,16,0
418,16,1,16,0
419,16,2,26,0
420,21,2,23,0
421,16,2,27,0
422,21,2,23,0
423,21,2,23,0
424,14,4,57,0
425,16,5,60,0
426,23,2,23,0
427,14,5,74,0
428,23,3,28,0
429,16,3,40,0
430,9,2,52,0
431,9,2,52,0
432,16,7,87,1
433,14,4,64,0
434,14,2,35,0
435,16,7,93,0
436,21,2,25,0
437,14,3,52,0
438,23,14,93,0
439,18,8,95,0
440,16,3,46,0
441,11,3,76,0
442,11,2,52,0
443,11,3,76,0
444,23,12,86,0
445,21,3,35,0
446,23,2,26,0
447,23,2,26,0
448,23,8,64,0
449,16,3,50,0
450,23,3,33,0
451,21,3,38,0
452,23,2,28,0
453,21,1,21,0
454,21,1,21,0
455,21,1,21,0
456,21,1,21,0
457,21,1,21,0
458,21,1,21,0
459,21,1,21,0
460,21,1,21,0
461,21,1,21,0
462,21,1,21,1
463,21,1,21,0
464,21,1,21,0
465,21,5,60,0
466,23,4,45,0
467,21,4,52,0
468,22,1,22,1
469,11,2,70,0
470,23,5,58,0
471,23,3,40,0
472,23,3,41,0
473,14,3,83,0
474,21,2,35,0
475,26,5,49,1
476,23,6,70,0
477,23,1,23,0
478,23,1,23,0
479,23,1,23,0
480,23,1,23,0
481,23,1,23,0
482,23,1,23,0
483,23,1,23,0
484,23,1,23,0
485,23,4,53,0
486,21,6,86,0
487,23,3,48,0
488,21,2,41,0
489,21,3,64,0
490,16,2,70,0
491,21,3,70,0
492,23,4,87,0
493,23,3,89,0
494,23,2,87,0
495,35,3,64,0
496,38,1,38,0
497,38,1,38,0
498,40,1,40,0
499,74,1,74,0
500,2,43,86,1
501,6,22,28,1
502,2,34,77,1
503,2,44,98,0
504,0,26,76,1
505,2,41,98,1
506,3,21,42,1
507,2,11,23,0
508,2,21,52,1
509,2,13,32,1
510,4,4,4,1
511,2,11,26,0
512,2,11,28,0
513,3,14,35,0
514,4,16,38,1
515,4,6,14,0
516,3,5,12,1
517,4,33,98,1
518,3,10,33,1
519,4,10,28,1
520,2,11,40,1
521,2,11,41,1
522,4,13,39,1
523,1,10,43,1
524,4,9,28,0
525,2,4,11,0
526,2,5,16,1
527,2,15,64,0
528,5,24,79,0
529,2,6,22,1
530,4,5,16,1
531,2,4,14,1
532,4,8,28,0
533,2,4,14,0
534,2,6,26,0
535,4,5,16,1
536,2,7,32,1
537,2,6,26,1
538,2,8,38,1
539,2,2,4,1
540,2,6,28,1
541,2,10,52,0
542,4,16,70,1
543,4,2,4,1
544,1,14,95,0
545,4,2,4,1
546,7,14,48,0
547,2,3,11,0
548,2,12,70,1
549,4,7,32,1
550,4,4,16,0
551,2,6,35,1
552,4,6,28,1
553,2,3,14,0
554,2,4,23,0
555,4,4,18,0
556,5,6,28,0
557,4,6,30,0
558,14,5,14,0
559,3,8,50,0
560,4,11,64,1
561,4,9,52,0
562,4,16,98,1
563,7,10,47,0
564,4,14,86,0
565,2,9,75,0
566,4,6,35,0
567,4,9,55,0
568,4,6,35,1
569,2,6,45,0
570,2,6,47,0
571,4,2,9,0
572,2,2,11,1
573,2,2,11,0
574,2,2,11,1
575,4,6,38,1
576,3,4,29,1
577,9,9,38,0
578,11,5,18,0
579,2,3,21,0
580,2,1,2,0
581,2,1,2,1
582,2,1,2,0
583,2,1,2,0
584,2,1,2,0
585,2,1,2,0
586,2,1,2,1
587,2,1,2,0
588,2,1,2,0
589,2,1,2,0
590,2,1,2,0
591,11,11,38,0
592,2,3,22,0
593,9,11,49,1
594,5,11,75,0
595,3,5,38,0
596,3,1,3,1
597,4,6,43,0
598,2,3,24,0
599,12,11,39,0
600,2,2,14,0
601,4,6,46,0
602,9,3,14,0
603,14,8,26,0
604,4,2,13,0
605,4,11,95,0
606,2,7,77,0
607,2,7,77,0
608,4,1,4,0
609,4,1,4,0
610,4,1,4,0
611,4,1,4,0
612,4,1,4,1
613,4,1,4,0
614,4,1,4,0
615,4,1,4,0
616,4,1,4,0
617,4,1,4,0
618,4,1,4,1
619,4,1,4,0
620,4,7,62,0
621,4,1,4,0
622,4,4,34,1
623,11,6,28,0
624,13,3,14,1
625,7,5,35,0
626,9,9,54,0
627,11,2,11,0
628,2,5,63,0
629,7,11,89,0
630,8,9,64,0
631,2,2,22,0
632,6,3,26,0
633,12,15,71,0
634,13,3,16,0
635,11,16,89,0
636,4,5,58,0
637,14,7,35,0
638,11,4,27,0
639,7,9,89,1
640,11,8,52,1
641,7,5,52,0
642,11,6,41,0
643,10,5,38,0
644,14,2,14,1
645,14,2,14,0
646,14,2,14,0
647,2,2,33,0
648,11,3,23,0
649,14,8,46,0
650,9,1,9,0
651,16,5,27,0
652,14,4,26,0
653,4,2,30,0
654,14,3,21,0
655,16,16,77,0
656,4,2,31,0
657,14,8,50,0
658,11,3,26,0
659,14,7,45,0
660,15,5,33,0
661,16,2,16,0
662,16,3,21,0
663,11,8,72,0
664,11,1,11,0
665,11,1,11,0
666,11,1,11,0
667,11,1,11,1
668,11,1,11,0
669,2,3,75,1
670,2,3,77,0
671,16,4,28,0
672,16,15,87,0
673,16,14,83,0
674,16,10,62,0
675,16,3,23,0
676,14,3,26,0
677,23,19,62,0
678,11,7,75,0
679,14,3,28,0
680,20,14,69,1
681,4,2,46,0
682,11,2,25,0
683,11,3,37,0
684,16,4,33,0
685,21,7,38,0
686,13,7,76,0
687,16,6,50,0
688,14,3,33,0
689,14,1,14,0
690,14,1,14,0
691,14,1,14,0
692,14,1,14,0
693,14,1,14,0
694,14,1,14,0
695,17,7,58,1
696,14,3,35,0
697,14,3,35,0
698,16,7,64,0
699,21,2,21,0
700,16,3,35,0
701,16,1,16,0
702,16,1,16,0
703,16,1,16,0
704,16,1,16,0
705,16,1,16,0
706,14,2,29,0
707,11,4,74,0
708,11,2,38,1
709,21,6,48,0
710,23,2,23,0
711,23,6,45,0
712,14,2,35,1
713,16,6,81,0
714,16,4,58,0
715,16,5,71,0
716,21,2,26,0
717,21,3,35,0
718,21,3,35,0
719,23,8,69,0
720,21,3,38,0
721,23,3,35,0
722,21,3,40,0
723,23,2,28,0
724,21,1,21,0
725,21,1,21,0
726,25,6,50,0
727,21,1,21,0
728,21,1,21,0
729,23,3,39,0
730,21,2,33,0
731,14,3,79,0
732,23,1,23,1
733,23,1,23,0
734,23,1,23,0
735,23,1,23,0
736,23,1,23,0
737,23,1,23,0
738,23,1,23,0
739,23,4,52,0
740,23,1,23,0
741,23,7,88,0
742,16,3,86,0
743,23,2,38,0
744,21,2,52,0
745,23,3,62,0
746,39,1,39,0
747,72,1,72,0
